       0/9    0.793G    0.1176   0.03052    0.0398    0.1879        24       640         0         0  0.000271  5.14e-05   0.04787   0.02437   0.01655
       1/9    0.793G   0.09725   0.03217   0.02444    0.1539         7       640         0         0   0.04462    0.0108   0.04142   0.02697   0.01312
       2/9    0.795G   0.08708   0.03297    0.0189     0.139        17       640    0.1643    0.3992    0.1658   0.04872   0.03482    0.0277    0.0139
       3/9    0.795G   0.09146    0.0291   0.01745     0.138        14       640    0.1412    0.1044   0.08451   0.02486    0.0385   0.02228   0.01312
       4/9    0.795G   0.08276    0.0254   0.01445    0.1226        19       640   0.06986    0.5011    0.1431   0.04059   0.03413   0.02416   0.01263
       5/9    0.797G   0.07931   0.02222   0.01145     0.113        12       640   0.05069    0.5601    0.1864   0.06244   0.03587   0.02406   0.01202
       6/9    0.797G   0.07262   0.02255   0.01052    0.1057         4       640   0.07627     0.501    0.1823   0.06469    0.0288   0.02438   0.01211
       7/9    0.797G   0.06092   0.02073  0.008568   0.09022        10       640   0.09066    0.6052    0.2082   0.07328   0.02882   0.02481   0.01305
       8/9    0.797G   0.05565   0.01921  0.006879   0.08175        17       640    0.1256       0.6     0.274     0.161   0.02347   0.02575   0.01343
       9/9    0.797G   0.04742   0.01806  0.006547   0.07203         5       640     0.118    0.6155    0.2886    0.1425   0.02351   0.02746   0.01342
