      0/49    0.793G    0.1174   0.03062   0.03995     0.188        24       640         0         0 0.0002403 4.667e-05   0.04828   0.02419   0.01631
      1/49    0.795G   0.09748    0.0319   0.02561     0.155         7       640    0.0942     0.086   0.06895   0.01535   0.04348   0.02858   0.01473
      2/49    0.795G   0.08621   0.03287   0.01954    0.1386        17       640    0.1204    0.4114    0.1402   0.03583   0.03554   0.02799   0.01229
      3/49    0.795G   0.09032   0.03089   0.01872    0.1399        14       640     0.212    0.1126    0.1259   0.03055   0.03695   0.02515   0.01339
      4/49    0.797G   0.08352   0.02627   0.01602    0.1258        19       640   0.05536    0.4056   0.07206   0.01595   0.03601   0.02408   0.01183
      5/49    0.797G   0.08298   0.02208   0.01196     0.117        12       640    0.1097    0.5099    0.1661   0.06955   0.03269   0.02291   0.01341
      6/49    0.797G   0.07804   0.02173   0.01043    0.1102         4       640   0.05575    0.6138    0.1843   0.07083   0.03266   0.02681   0.01214
      7/49    0.797G   0.06739   0.02052  0.009044   0.09696        10       640    0.0572    0.6121    0.2299    0.1229    0.0308   0.02538   0.01377
      8/49    0.797G   0.06703    0.0193  0.007486   0.09381        17       640   0.07455     0.631    0.2694    0.1382   0.02701   0.02592   0.01251
      9/49    0.797G   0.06155   0.01871  0.007098   0.08736         5       640   0.09923    0.6431    0.2888    0.1472   0.02622   0.02547   0.01185
     10/49    0.797G   0.05344   0.01878  0.006853   0.07908        19       640    0.1047      0.65    0.2816    0.1317   0.02574   0.02755   0.01192
     11/49    0.797G   0.05221   0.01791  0.006218   0.07634         9       640    0.1068    0.6328    0.2669    0.1424   0.02445   0.02587   0.01177
     12/49    0.797G   0.05145   0.01828  0.006025   0.07575         6       640    0.1227    0.6534    0.2964    0.1172    0.0268   0.02629   0.01206
     13/49    0.797G   0.05137   0.01656  0.005635   0.07357         5       640    0.1264    0.6138    0.2786    0.1144   0.02644   0.02576   0.01199
     14/49    0.797G    0.0474    0.0162  0.004829   0.06843        10       640    0.1288    0.6483    0.2828    0.1263    0.0253   0.02752   0.01238
     15/49    0.797G    0.0488   0.01649  0.005047   0.07034        12       640    0.1292    0.6207    0.2569    0.1309   0.02708   0.02583   0.01266
     16/49    0.797G   0.04546   0.01624  0.005103   0.06681        12       640    0.1553    0.6276    0.3018    0.1896   0.02148   0.02613   0.01382
     17/49    0.797G   0.04472   0.01636  0.005017    0.0661         9       640    0.1464    0.6621    0.3062    0.1943   0.02037   0.02681   0.01278
     18/49    0.797G   0.04243   0.01655  0.004539   0.06351         9       640    0.1489    0.6534    0.2788    0.1714   0.02073   0.02608   0.01369
     19/49    0.797G   0.04081   0.01503  0.004212   0.06006        11       640    0.1412      0.65     0.284    0.1544   0.02389   0.02771   0.01291
     20/49    0.797G   0.04111   0.01516  0.004221   0.06049        19       640    0.1553    0.6224    0.2961    0.1901   0.02131   0.02573   0.01567
     21/49    0.797G   0.03921   0.01488  0.004194   0.05829         6       640    0.1491    0.6578    0.3274    0.1898   0.02232   0.02715   0.01342
     22/49    0.797G   0.03828   0.01403  0.003808   0.05612        16       640    0.1672    0.6431    0.3165    0.1736   0.02217   0.02796   0.01412
     23/49    0.797G   0.03872   0.01492  0.004039   0.05768        13       640    0.1551    0.6586    0.3184    0.1728   0.02206   0.02725   0.01368
     24/49    0.797G   0.03677   0.01425  0.003963   0.05499        14       640    0.1508    0.6345    0.3225    0.2001   0.02015   0.02668   0.01494
     25/49    0.797G   0.03693   0.01443  0.004046   0.05541         4       640    0.1699    0.6435    0.3143    0.2042   0.02006   0.02719   0.01446
     26/49    0.797G   0.03542   0.01457  0.003735   0.05373        22       640    0.1609    0.6534    0.3438    0.1775   0.02127   0.02776   0.01366
     27/49    0.797G   0.03581   0.01434  0.003838   0.05399         4       640    0.1751    0.6483    0.3356    0.1828   0.02189   0.02743   0.01287
     28/49    0.797G   0.03549   0.01493  0.003742   0.05416        12       640    0.1615    0.6543    0.3141    0.1909   0.02046   0.02714   0.01375
     29/49    0.797G   0.03272    0.0139  0.003705   0.05032        18       640    0.1735    0.6475    0.3044    0.1567   0.02173   0.02894   0.01372
     30/49    0.797G   0.03481   0.01451  0.003961   0.05327        21       640    0.1616    0.6379    0.2957    0.1526   0.02187   0.02929    0.0142
     31/49    0.797G   0.03165   0.01337  0.003246   0.04827        17       640    0.1727    0.6241    0.3027     0.195   0.01897   0.02914   0.01533
     32/49    0.797G   0.03233   0.01381  0.003643   0.04979        13       640    0.1676    0.6345    0.3164    0.1812   0.02075   0.02944   0.01512
     33/49    0.797G   0.03175   0.01314  0.003704   0.04859        10       640    0.1667    0.6241    0.2889    0.1873   0.01906   0.03032   0.01608
     34/49    0.797G   0.03009   0.01199  0.002867   0.04495         5       640    0.1635    0.6328    0.2859    0.1715   0.01961   0.03088   0.01571
     35/49    0.797G   0.02953   0.01277  0.003272   0.04557         4       640    0.1652    0.6224    0.2958    0.1939   0.01925    0.0307   0.01644
     36/49    0.797G   0.02938   0.01318  0.002938    0.0455        14       640    0.1668    0.6276    0.2899     0.176   0.01917   0.03052   0.01623
     37/49    0.797G   0.03059   0.01349  0.003889   0.04797        18       640    0.1628    0.6241    0.2955    0.1631   0.01973    0.0301   0.01658
     38/49    0.797G   0.02888   0.01314  0.003043   0.04506         8       640    0.1615    0.6414    0.3171    0.2087   0.01918   0.02982   0.01538
     39/49    0.797G   0.02894   0.01328  0.003472   0.04569        14       640    0.1653    0.6379    0.2899    0.1775   0.01985   0.03128   0.01515
     40/49    0.797G   0.02804   0.01228  0.003117   0.04344        17       640    0.1626    0.6345     0.299    0.1849   0.01944   0.03142   0.01521
     41/49    0.797G   0.02728   0.01309   0.00297   0.04334         5       640    0.1645    0.6362     0.312    0.2033   0.01952   0.03148   0.01464
     42/49    0.797G   0.02806   0.01242  0.003014   0.04349         9       640    0.1636    0.6297    0.2994    0.1744    0.0197   0.03136    0.0154
     43/49    0.797G   0.02712   0.01295  0.002788   0.04286         2       640    0.1666    0.6291     0.297    0.1768   0.01964   0.03176   0.01546
     44/49    0.797G   0.02762   0.01245  0.003618   0.04369        17       640    0.1706     0.631    0.3033    0.1941    0.0193   0.03111   0.01526
     45/49    0.797G   0.02676   0.01209  0.002712   0.04157         4       640    0.1657    0.6414    0.2975    0.1834   0.01946    0.0316   0.01449
     46/49    0.797G   0.02684   0.01332  0.002788   0.04295        18       640    0.1665    0.6379    0.2938    0.1933   0.01917   0.03169   0.01482
     47/49    0.797G   0.02667   0.01276  0.002607   0.04203        14       640    0.1663    0.6328    0.2989    0.1871   0.01967   0.03198    0.0156
     48/49    0.797G   0.02652   0.01186  0.002589   0.04096        15       640    0.1634    0.6319    0.3022    0.1948   0.01934   0.03178   0.01583
     49/49    0.797G   0.02569   0.01191  0.002364   0.03997        12       640    0.1627    0.6379    0.2995    0.1897   0.01929   0.03228   0.01534
