       0/9    0.793G    0.1176   0.03046   0.04027    0.1883        24       640         0         0 0.0002136 3.315e-05   0.04783    0.0249   0.01637
       1/9    0.793G    0.0963   0.03209   0.02489    0.1533         7       640   0.05657   0.05729   0.06655   0.01441   0.04015     0.028   0.01428
       2/9    0.795G   0.08486   0.03302     0.019    0.1369        17       640   0.07563    0.1684   0.04076  0.009577   0.03673   0.02731   0.01316
       3/9    0.797G   0.08727    0.0294   0.01678    0.1334        14       640   0.03437    0.1418   0.03864  0.008561     0.041   0.02172   0.01161
       4/9    0.797G   0.08122   0.02585   0.01443    0.1215        19       640   0.05651    0.4214     0.136   0.03469   0.03397   0.02447   0.01207
       5/9    0.797G   0.07513   0.02289   0.01195      0.11        12       640   0.05775    0.3917    0.1561   0.04832   0.03037   0.02566   0.01243
       6/9    0.797G   0.06767   0.02227   0.01077    0.1007         4       640   0.06998    0.5964    0.1921   0.08701   0.02803   0.02722   0.01191
       7/9    0.797G   0.05773   0.02053  0.008864   0.08712        10       640    0.0704    0.6069    0.2555    0.1313   0.02826   0.02694   0.01352
       8/9    0.797G   0.05308   0.01938    0.0072   0.07966        17       640   0.09554    0.5966    0.2644    0.1181   0.02546   0.02742   0.01467
       9/9    0.797G   0.04703   0.01756  0.006495   0.07108         5       640    0.1179       0.6    0.2519     0.108    0.0234   0.02765   0.01479
