       0/9    0.793G    0.1174   0.03044   0.03983    0.1877        24       640         0         0 0.0005232 0.0001057   0.04775   0.02421   0.01628
       1/9    0.795G   0.09835   0.03113    0.0237    0.1532         7       640   0.07895  0.005208   0.02786  0.005239   0.04085   0.02725   0.01392
       2/9    0.797G   0.08559    0.0324   0.01811    0.1361        17       640    0.0389    0.1335   0.03907   0.01044   0.03665   0.02507   0.01312
       3/9    0.797G   0.09118   0.02762   0.01693    0.1357        14       640   0.07665    0.1731   0.05744   0.01452   0.03866   0.02313   0.01322
       4/9    0.797G   0.08234   0.02612   0.01484    0.1233        19       640   0.04197    0.2077   0.05275   0.01294   0.03873    0.0221   0.01127
       5/9    0.797G   0.07791   0.02288   0.01294    0.1137        12       640   0.06537    0.3902      0.13    0.0267   0.03289   0.02325   0.01302
       6/9    0.797G   0.07213   0.02181   0.01105     0.105         4       640   0.09857    0.5567    0.2158   0.06986    0.0291   0.02435   0.01389
       7/9    0.797G   0.05908   0.02046  0.009364   0.08891        10       640   0.09686    0.5948    0.2767    0.1218   0.02486   0.02594   0.01326
       8/9    0.797G   0.05168   0.01952  0.007353   0.07855        17       640    0.1236       0.6    0.2635    0.1204   0.02514   0.02655   0.01394
       9/9    0.797G   0.04785   0.01778  0.006651   0.07228         5       640     0.133    0.5965    0.2741    0.1446   0.02375   0.02727   0.01356
