       0/9    0.793G    0.1174   0.03051   0.03966    0.1876        24       640         0         0  0.001232 0.0001388    0.0486   0.02402    0.0162
       1/9    0.795G   0.09672   0.03156   0.02446    0.1527         7       640   0.05235   0.01562   0.05059   0.01163   0.03924   0.02851    0.0144
       2/9    0.795G   0.08645   0.03256   0.01905    0.1381        17       640    0.1205    0.3576    0.0929   0.02163   0.03452   0.02824   0.01222
       3/9    0.795G   0.08973   0.02971   0.01705    0.1365        14       640    0.1658   0.09163   0.09759   0.02716   0.03718   0.02363   0.01194
       4/9    0.797G   0.08026   0.02773   0.01604     0.124        19       640   0.05252    0.3466   0.06853   0.01545   0.03663   0.02412   0.01199
       5/9    0.797G   0.07828   0.02347   0.01231    0.1141        12       640   0.08595    0.5566     0.145   0.04135   0.03125   0.02422   0.01227
       6/9    0.797G   0.06672   0.02366   0.01116    0.1015         4       640   0.09858    0.5706    0.1741   0.07456   0.02959   0.02393   0.01208
       7/9    0.797G   0.05927   0.02101  0.009129    0.0894        10       640   0.07933    0.6189    0.2669   0.09366   0.02722   0.02841   0.01238
       8/9    0.797G   0.05357   0.01994  0.007083   0.08059        17       640    0.1096    0.6212     0.269    0.1259   0.02429   0.02729   0.01249
       9/9    0.797G   0.04802   0.01785  0.006534   0.07241         5       640    0.1083    0.6086    0.2625    0.1218   0.02451   0.02935   0.01221
