      0/99    0.793G    0.1174   0.03059   0.03984    0.1878        24       640         0         0 0.0003266 4.764e-05   0.04766   0.02465   0.01678
      1/99    0.795G   0.09676   0.03251   0.02496    0.1542         7       640         0         0   0.05788  0.009432   0.04351   0.02972   0.01325
      2/99    0.797G   0.08734   0.03407   0.01819    0.1396        17       640   0.05651    0.1823   0.06391   0.01489   0.03718    0.0278   0.01223
      3/99    0.797G   0.09544   0.03053   0.01679    0.1428        14       640    0.1833    0.0829   0.07304   0.01709    0.0411   0.02291   0.01124
      4/99    0.797G   0.08673   0.02843   0.01496    0.1301        19       640   0.06337    0.1366   0.05189   0.01154    0.0384    0.0234   0.01148
      5/99    0.797G   0.07714   0.02605    0.0139    0.1171        12       640   0.06173    0.5287    0.1788   0.05418   0.03688   0.02702   0.01063
      6/99    0.797G   0.07845   0.02384   0.01074     0.113         4       640   0.07552    0.4732    0.1371   0.04458   0.03285   0.02482   0.01064
      7/99    0.797G   0.06684   0.02234  0.008995   0.09818        10       640   0.06802    0.6241    0.2266   0.09544   0.03042   0.02967   0.01128
      8/99    0.797G   0.06394   0.02093  0.007807   0.09268        17       640     0.075    0.6155    0.2313    0.1064   0.02803   0.02947   0.01118
      9/99    0.797G    0.0594   0.01876   0.00668   0.08483         5       640     0.125    0.6085    0.2359   0.09038    0.0306   0.02439    0.0121
     10/99    0.797G   0.05573   0.01883  0.007332   0.08189        19       640     0.129    0.6293    0.3122    0.1251   0.02838   0.02543   0.01309
     11/99    0.797G   0.05666     0.018  0.006444    0.0811         9       640    0.1104     0.619    0.2382    0.1435   0.02513   0.02718   0.01343
     12/99    0.797G   0.05413   0.01876  0.006115     0.079         6       640     0.109    0.6362    0.2723    0.1197   0.02466   0.02752   0.01363
     13/99    0.797G   0.05138   0.01681  0.005884   0.07408         5       640    0.1323    0.5896    0.2631    0.1361   0.02431    0.0253   0.01578
     14/99    0.797G   0.05065   0.01669  0.005056    0.0724        10       640    0.1394    0.6483    0.3024    0.1515   0.02496   0.02703   0.01109
     15/99    0.797G   0.04945   0.01679  0.005516   0.07175        12       640    0.1407    0.6293    0.2428    0.1432   0.02244   0.02674   0.01402
     16/99    0.797G   0.04759   0.01666  0.005292   0.06955        12       640    0.1363    0.6276    0.2663    0.1621   0.02223   0.02781   0.01379
     17/99    0.797G   0.04516   0.01641  0.005278   0.06684         9       640    0.1454    0.6397    0.2825    0.1609    0.0224   0.02873   0.01126
     18/99    0.797G   0.04146   0.01641  0.004771   0.06265         9       640    0.1253    0.6149    0.2396    0.1421   0.02206   0.02954   0.01562
     19/99    0.797G    0.0444   0.01534  0.004497   0.06424        11       640    0.1653    0.6224    0.2878    0.1114   0.02465   0.02702   0.01312
     20/99    0.797G   0.04429   0.01568  0.004706   0.06468        19       640    0.1342    0.6121    0.2817    0.1333   0.02651   0.02728   0.01105
     21/99    0.797G   0.04534   0.01549   0.00467    0.0655         6       640     0.167    0.6396    0.3229    0.1441   0.02397   0.02754    0.0125
     22/99    0.797G   0.04347   0.01455  0.004176   0.06219        16       640    0.1604    0.6397    0.3014      0.19   0.02096   0.02891    0.0105
     23/99    0.797G   0.04054   0.01527  0.004469   0.06027        13       640    0.1383    0.6207    0.2753    0.1604   0.02176   0.02809   0.01315
     24/99    0.797G   0.04215   0.01496  0.004325   0.06144        14       640    0.1641    0.6069    0.3064    0.1906   0.02081   0.02712   0.01479
     25/99    0.797G   0.04006   0.01475  0.004434   0.05925         4       640    0.1452    0.6155    0.2741    0.1517   0.02184   0.02744   0.01516
     26/99    0.797G   0.03907   0.01497   0.00396     0.058        22       640    0.1473    0.6248    0.3121    0.1722    0.0224   0.02762   0.01463
     27/99    0.797G   0.03967   0.01489  0.004305   0.05887         4       640    0.1776    0.6189     0.315    0.1588   0.02283   0.02798   0.01398
     28/99    0.797G   0.04033   0.01548   0.00421   0.06001        12       640    0.1651    0.6293    0.2976    0.1805   0.02102   0.02854   0.01478
     29/99    0.797G   0.03613   0.01433  0.004207   0.05466        18       640    0.1598    0.6172    0.2936     0.168    0.0207   0.03057   0.01532
     30/99    0.797G   0.03912   0.01497  0.004316   0.05841        21       640    0.1575    0.6207    0.2723    0.1589    0.0203    0.0315   0.01258
     31/99    0.797G   0.03623     0.014   0.00352   0.05374        17       640    0.1588       0.6    0.3019    0.1961   0.01966   0.03025   0.01552
     32/99    0.797G   0.03662   0.01431  0.003862   0.05478        13       640     0.156    0.6241    0.2857    0.1683   0.02113   0.03158   0.01347
     33/99    0.797G   0.03821   0.01393  0.004121   0.05626        10       640    0.1732    0.6271    0.2918    0.1885   0.01952   0.03048   0.01465
     34/99    0.797G   0.03506   0.01258  0.003522   0.05116         5       640    0.1551    0.5914    0.2939    0.1752   0.02062    0.0307   0.01749
     35/99    0.797G    0.0343   0.01344  0.003661    0.0514         4       640    0.1618    0.6138     0.295    0.1869    0.0193   0.03083   0.01563
     36/99    0.797G   0.03459   0.01391   0.00335   0.05185        14       640    0.1601    0.6293    0.3157    0.1974   0.01955   0.03044   0.01548
     37/99    0.797G   0.03678   0.01418  0.004225   0.05519        18       640    0.1607    0.6345    0.3529    0.2066   0.02005   0.03025   0.01495
     38/99    0.797G   0.03391    0.0138  0.003463   0.05117         8       640    0.1681     0.619    0.3165    0.1819   0.02093      0.03   0.01551
     39/99    0.797G   0.03555   0.01421  0.003902   0.05366        14       640     0.163    0.6138    0.2969    0.1679   0.02077   0.03075   0.01643
     40/99    0.797G   0.03352   0.01283  0.003628   0.04997        17       640    0.1619    0.6127    0.3088    0.1822   0.01998   0.03061   0.01659
     41/99    0.797G   0.03388   0.01382   0.00344   0.05114         5       640    0.1748    0.6129    0.3092    0.1842   0.02089   0.03142   0.01568
     42/99    0.797G   0.03206   0.01314  0.003393    0.0486         9       640     0.164    0.6259    0.3094     0.173   0.02052   0.03113   0.01463
     43/99    0.797G   0.03366   0.01364  0.003195   0.05049         2       640    0.1585    0.6086    0.2884    0.1649   0.02004   0.03194   0.01446
     44/99    0.797G   0.03211   0.01297  0.004013   0.04909        17       640    0.1539    0.6017    0.2908    0.1672   0.02019   0.03235   0.01591
     45/99    0.797G   0.03198   0.01274  0.003288   0.04801         4       640    0.1592    0.6172    0.2752    0.1573   0.01983   0.03253   0.01543
     46/99    0.797G   0.02977   0.01385  0.003282   0.04691        18       640     0.157    0.5855    0.2943    0.1917   0.01931   0.03228   0.01812
     47/99    0.797G   0.03101   0.01331  0.002989   0.04731        14       640    0.1568    0.5897    0.2939    0.1907   0.01925   0.03246    0.0186
     48/99    0.797G   0.03117   0.01241  0.002889   0.04647        15       640    0.1597    0.6155    0.3121    0.2001   0.01871   0.03261   0.01634
     49/99    0.797G   0.02927   0.01256  0.002849   0.04468        12       640    0.1539    0.6207    0.3161    0.2069   0.01856   0.03185   0.01777
     50/99    0.797G   0.03063   0.01317  0.002932   0.04673         9       640     0.162     0.619     0.309    0.2043   0.01872   0.03219   0.01795
     51/99    0.797G   0.03049   0.01223  0.003316   0.04604        13       640    0.1644    0.6052    0.2897    0.1865   0.01879   0.03226   0.01773
     52/99    0.797G   0.02967   0.01328   0.00316   0.04611        14       640    0.1577    0.6086    0.3032    0.1902   0.01882   0.03175   0.01783
     53/99    0.797G   0.02968   0.01261  0.003029   0.04532        16       640     0.162    0.6362    0.3386    0.2265   0.01827   0.03192   0.01522
     54/99    0.797G   0.02931   0.01241  0.003045   0.04477         9       640    0.1614    0.6328    0.3284    0.2101   0.01902   0.03248   0.01477
     55/99    0.797G   0.02785   0.01168  0.002813   0.04235        16       640    0.1569    0.6328    0.3231    0.1894   0.02055   0.03306   0.01464
     56/99    0.797G   0.02914   0.01256  0.002954   0.04465        17       640    0.1584    0.6328    0.3382    0.1963   0.02056   0.03252   0.01463
     57/99    0.797G   0.03033   0.01297  0.003312   0.04661         8       640    0.1582    0.6086    0.3588    0.2355   0.01929   0.03236   0.01685
     58/99    0.797G   0.02877   0.01223  0.003242   0.04424        13       640    0.1568    0.6069    0.3351    0.2161   0.01858   0.03293   0.01569
     59/99    0.797G   0.02738   0.01216  0.002919   0.04246        13       640    0.1502    0.5897    0.3218    0.2094   0.01902   0.03283   0.01799
     60/99    0.797G    0.0295   0.01247  0.002582   0.04456        14       640    0.1553    0.5793    0.2955    0.1992   0.01911   0.03424   0.01928
     61/99    0.797G   0.02755   0.01233  0.002811    0.0427        14       640    0.1604    0.5807    0.2787      0.17   0.01976   0.03554     0.019
     62/99    0.797G   0.02749   0.01307  0.003185   0.04375         7       640    0.1625    0.6017    0.2986    0.1894   0.01882   0.03445   0.01763
     63/99    0.797G   0.02759   0.01166  0.003094   0.04234         9       640    0.1632    0.6069    0.2853    0.1722   0.01947   0.03339    0.0168
     64/99    0.797G   0.02772   0.01139  0.002717   0.04183        19       640    0.1589    0.6155    0.3114    0.2001   0.01873   0.03338   0.01572
     65/99    0.797G   0.02705   0.01218  0.002729   0.04196        14       640    0.1547    0.6086    0.3134    0.2155   0.01824   0.03316   0.01789
     66/99    0.797G   0.02756   0.01267  0.002751   0.04299        12       640    0.1622    0.6086    0.2951     0.191   0.01865   0.03318   0.01771
     67/99    0.797G   0.02605   0.01171  0.003406   0.04117        15       640    0.1609    0.6069       0.3    0.2107   0.01855   0.03465   0.01732
     68/99    0.797G   0.02612   0.01158  0.002531   0.04023        12       640    0.1579    0.6103    0.2851    0.1793   0.01897    0.0345   0.01782
     69/99    0.797G   0.02603    0.0121  0.002645   0.04078         5       640    0.1573       0.6    0.2854     0.186   0.01898   0.03473   0.01826
     70/99    0.797G   0.02566   0.01184  0.002675   0.04018         4       640    0.1609    0.5907    0.2883    0.1872   0.01836   0.03454    0.0184
     71/99    0.797G   0.02571   0.01094   0.00249   0.03913         8       640    0.1537    0.6086    0.3072    0.1894   0.01845   0.03443   0.01691
     72/99    0.797G    0.0254   0.01211  0.002271   0.03978        13       640    0.1501    0.6034    0.3226    0.2184   0.01884   0.03447    0.0164
     73/99    0.797G   0.02659   0.01173  0.002491   0.04081        14       640    0.1614    0.6137    0.3101    0.2059   0.01859   0.03422   0.01718
     74/99    0.797G   0.02514   0.01152  0.002467   0.03912        14       640    0.1594    0.6086    0.3062    0.2044   0.01841   0.03488   0.01752
     75/99    0.797G    0.0261   0.01256   0.00326   0.04192        10       640    0.1568    0.6121    0.2867    0.1895    0.0189   0.03508   0.01742
     76/99    0.797G   0.02486   0.01155  0.002526   0.03894        14       640    0.1532     0.619    0.2714    0.1783   0.01849   0.03533   0.01582
     77/99    0.797G   0.02526   0.01188  0.002884   0.04002        22       640    0.1521    0.6107    0.2901    0.1972   0.01858   0.03532   0.01657
     78/99    0.797G   0.02536   0.01202  0.002497   0.03987         7       640    0.1525    0.6121    0.2867    0.1908    0.0187   0.03609   0.01622
     79/99    0.797G   0.02625   0.01235  0.002624   0.04122        16       640    0.1549    0.6138    0.2795    0.1853   0.01869   0.03508   0.01696
     80/99    0.797G   0.02498   0.01186  0.002498   0.03935        11       640    0.1538    0.6121     0.275    0.1748   0.01873   0.03575   0.01668
     81/99    0.797G   0.02445   0.01165  0.002313   0.03841        24       640    0.1561    0.6045    0.2733    0.1795   0.01857   0.03484   0.01806
     82/99    0.797G   0.02477   0.01249  0.002439    0.0397         6       640    0.1549    0.5969    0.2726    0.1828    0.0186    0.0355   0.01902
     83/99    0.797G   0.02435   0.01208  0.002575     0.039         6       640    0.1566       0.6    0.2645     0.178   0.01875     0.035   0.01743
     84/99    0.797G   0.02408   0.01161   0.00242   0.03811        12       640    0.1619    0.6069    0.2761    0.1851    0.0187    0.0346    0.0178
     85/99    0.797G   0.02441   0.01191  0.002428   0.03875        15       640    0.1612    0.6069     0.293    0.1957   0.01876   0.03494    0.0168
     86/99    0.797G   0.02375   0.01155  0.001918   0.03721         6       640    0.1611    0.6121    0.3073    0.1984   0.01887   0.03528   0.01654
     87/99    0.797G   0.02428    0.0119  0.002578   0.03877        14       640    0.1656    0.6103    0.2919    0.2026   0.01852   0.03528   0.01622
     88/99    0.797G   0.02494   0.01095  0.002434   0.03832        17       640     0.169    0.6086    0.2858    0.1924   0.01873   0.03577   0.01733
     89/99    0.797G   0.02362   0.01147  0.002359   0.03745         8       640    0.1666    0.6069    0.2859    0.1908   0.01858   0.03563   0.01755
     90/99    0.797G   0.02443   0.01068  0.002504   0.03761         9       640    0.1631    0.6103     0.292    0.1977    0.0183    0.0347   0.01761
     91/99    0.797G    0.0233   0.01079  0.002285   0.03637         4       640    0.1653    0.6069    0.2989    0.2004   0.01873   0.03535   0.01707
     92/99    0.797G   0.02317    0.0111  0.002474   0.03675        16       640    0.1662    0.6034    0.2978    0.1976   0.01857   0.03523   0.01675
     93/99    0.797G   0.02426   0.01125  0.002633   0.03814        17       640     0.165    0.5995    0.2965    0.2021   0.01834   0.03492   0.01733
     94/99    0.797G    0.0235   0.01182  0.002185   0.03751        22       640    0.1649    0.5966    0.2983    0.1987    0.0186   0.03505   0.01877
     95/99    0.797G   0.02341   0.01119  0.002161   0.03676        10       640    0.1641    0.5966    0.2946    0.1926    0.0186   0.03527   0.01805
     96/99    0.797G   0.02376   0.01204  0.002473   0.03827         9       640    0.1724    0.5992    0.2853    0.1967   0.01843   0.03603   0.01823
     97/99    0.797G   0.02275    0.0108  0.002294   0.03584        18       640     0.165    0.5931    0.2834    0.1966   0.01864   0.03572   0.01873
     98/99    0.797G   0.02371   0.01161   0.00243   0.03775        12       640    0.1666       0.6    0.2811    0.1871   0.01863   0.03558    0.0183
     99/99    0.797G   0.02282   0.01097  0.002569   0.03636        18       640    0.1661    0.6121    0.2881    0.1975   0.01858   0.03529   0.01637
