       0/9    0.778G    0.1059   0.04296   0.03695    0.1858         6       640    0.0293    0.5706    0.1649   0.03948   0.04202   0.03051    0.0097
       1/9     0.83G    0.0827    0.0356    0.0219    0.1402         6       640    0.1641    0.6499    0.2317   0.09389   0.03949    0.0159  0.008047
       2/9     0.83G   0.07836   0.02853   0.01372    0.1206         6       640   0.08174    0.8655    0.2366   0.08214    0.0277   0.02284  0.004575
       3/9     0.83G   0.06455   0.02834   0.01032    0.1032        24       640    0.1323     0.899     0.328    0.1509   0.02443   0.02322  0.003865
       4/9     0.83G   0.05605   0.02688  0.008267   0.09119         7       640     0.127    0.9187    0.3729    0.1615   0.02381    0.0286  0.003227
       5/9     0.83G   0.04805   0.02526  0.007064   0.08038        19       640    0.1934    0.9187     0.376    0.2093   0.02039   0.03051  0.003013
       6/9     0.83G   0.04498   0.02463  0.005838   0.07545         5       640    0.2161    0.9205    0.3792    0.2391   0.01611   0.02988   0.00276
       7/9     0.83G   0.03869   0.02349  0.005467   0.06766        14       640    0.2231    0.9276    0.3786    0.2469   0.01464   0.03254  0.002694
       8/9    0.833G     0.036   0.02257  0.004826    0.0634         3       640    0.2435    0.9422    0.3931    0.2602   0.01398   0.03273  0.002501
       9/9    0.833G   0.03364   0.02209  0.004812   0.06054        19       640    0.2478    0.9531    0.3896    0.2684   0.01265   0.03314  0.002462
