       0/9    0.778G    0.1053   0.04137   0.03687    0.1835         6       640   0.03447    0.5721    0.1619   0.04232   0.03853   0.03574  0.009729
       1/9    0.828G    0.0809   0.03517   0.02175    0.1378         6       640   0.05208    0.3432   0.09512   0.01713   0.04393   0.01541  0.007145
       2/9     0.83G   0.07595   0.02966   0.01398    0.1196         6       640   0.07703    0.8735    0.3141    0.1443   0.02753   0.02615  0.005049
       3/9     0.83G   0.06272   0.02804   0.01019    0.1009        24       640    0.1521    0.8546    0.2843   0.09695   0.02635   0.02116  0.004014
       4/9     0.83G   0.05607   0.02638  0.007871   0.09031         5       640    0.1581    0.9313    0.4013    0.2116   0.02278   0.02619  0.003641
       5/9     0.83G   0.04804   0.02567  0.007148   0.08085        19       640    0.2092    0.8933    0.3945    0.2418   0.01744   0.02425  0.003094
       6/9     0.83G   0.04458   0.02461  0.005886   0.07508         5       640    0.2172    0.9205    0.4019    0.2329   0.01659   0.02591  0.002905
       7/9     0.83G   0.03864   0.02368  0.005498   0.06781        14       640    0.2469    0.9259    0.3799     0.243   0.01603   0.02632  0.002764
       8/9     0.83G   0.03582   0.02303  0.004796   0.06364         3       640    0.2508    0.9368      0.39    0.2648   0.01368   0.02722  0.002502
       9/9     0.83G   0.03381   0.02267  0.004914    0.0614        19       640    0.2533    0.9368    0.4167      0.29   0.01277   0.02697  0.002621
