       0/9    0.793G    0.1174   0.03043   0.03974    0.1876        24       640         0         0 0.0003125 4.774e-05   0.04765   0.02427     0.016
       1/9    0.795G   0.09672   0.03103   0.02362    0.1514         7       640   0.05219    0.1979   0.04097  0.007285   0.04105   0.03032     0.014
       2/9    0.795G   0.08541   0.03183    0.0185    0.1357        17       640   0.06226    0.1461   0.04973   0.01357   0.03368   0.02711    0.0121
       3/9    0.797G   0.09661   0.02537   0.01632    0.1383        14       640    0.1484     0.194   0.08685   0.02129   0.04433   0.01955   0.01276
       4/9    0.797G   0.08684   0.02456   0.01468    0.1261        19       640   0.05574    0.3535   0.08341   0.02175   0.03552   0.02448   0.01212
       5/9    0.797G   0.07705   0.02252   0.01275    0.1123        12       640    0.0964    0.4513    0.1284   0.03732   0.03539   0.02283   0.01524
       6/9    0.797G   0.07157   0.02307   0.01204    0.1067         4       640   0.07428    0.5844    0.1983   0.07032   0.02896   0.02447   0.01287
       7/9    0.797G   0.06134   0.02043   0.00994   0.09171        10       640   0.09963    0.5879    0.2581   0.08926   0.02727   0.02501   0.01464
       8/9    0.797G    0.0534   0.01959  0.008127   0.08112        17       640    0.1008    0.5914    0.2687     0.132   0.02586   0.02707   0.01402
       9/9    0.797G   0.04721   0.01789  0.007227   0.07232         5       640    0.1228    0.5983     0.273    0.1376   0.02441   0.02782   0.01454
